movie_id,movie_id_orig
6041,1
6042,2
6043,3
6044,4
6045,5
6046,6
6047,7
6048,8
6049,9
6050,10
6051,11
6052,12
6053,13
6054,14
6055,15
6056,16
6057,17
6058,18
6059,19
6060,20
6061,21
6062,22
6063,23
6064,24
6065,25
6066,26
6067,27
6068,28
6069,29
6070,30
6071,31
6072,32
6073,33
6074,34
6075,35
6076,36
6077,37
6078,38
6079,39
6080,40
6081,41
6082,42
6083,43
6084,44
6085,45
6086,46
6087,47
6088,48
6089,49
6090,50
6091,51
6092,52
6093,53
6094,54
6095,55
6096,56
6097,57
6098,58
6099,59
6100,60
6101,61
6102,62
6103,63
6104,64
6105,65
6106,66
6107,67
6108,68
6109,69
6110,70
6111,71
6112,72
6113,73
6114,74
6115,75
6116,76
6117,77
6118,78
6119,79
6120,80
6121,81
6122,82
6123,83
6124,84
6125,85
6126,86
6127,87
6128,88
6129,89
6130,90
6131,92
6132,93
6133,94
6134,95
6135,96
6136,97
6137,98
6138,99
6139,100
6140,101
6141,102
6142,103
6143,104
6144,105
6145,106
6146,107
6147,108
6148,109
6149,110
6150,111
6151,112
6152,113
6153,114
6154,115
6155,116
6156,117
6157,118
6158,119
6159,120
6160,121
6161,122
6162,123
6163,124
6164,125
6165,126
6166,127
6167,128
6168,129
6169,130
6170,131
6171,132
6172,133
6173,134
6174,135
6175,136
6176,137
6177,138
6178,139
6179,140
6180,141
6181,142
6182,143
6183,144
6184,145
6185,146
6186,147
6187,148
6188,149
6189,150
6190,151
6191,152
6192,153
6193,154
6194,155
6195,156
6196,157
6197,158
6198,159
6199,160
6200,161
6201,162
6202,163
6203,164
6204,165
6205,166
6206,167
6207,168
6208,169
6209,170
6210,171
6211,172
6212,173
6213,174
6214,175
6215,176
6216,177
6217,178
6218,179
6219,180
6220,181
6221,182
6222,183
6223,184
6224,185
6225,186
6226,187
6227,188
6228,189
6229,190
6230,191
6231,192
6232,193
6233,194
6234,195
6235,196
6236,197
6237,198
6238,199
6239,200
6240,201
6241,202
6242,203
6243,204
6244,205
6245,206
6246,207
6247,208
6248,209
6249,210
6250,211
6251,212
6252,213
6253,214
6254,215
6255,216
6256,217
6257,218
6258,219
6259,220
6260,222
6261,223
6262,224
6263,225
6264,226
6265,227
6266,228
6267,229
6268,230
6269,231
6270,232
6271,233
6272,234
6273,235
6274,236
6275,237
6276,238
6277,239
6278,240
6279,241
6280,242
6281,243
6282,244
6283,245
6284,246
6285,247
6286,248
6287,249
6288,250
6289,251
6290,252
6291,253
6292,254
6293,255
6294,256
6295,257
6296,258
6297,259
6298,260
6299,261
6300,262
6301,263
6302,264
6303,265
6304,266
6305,267
6306,268
6307,269
6308,270
6309,271
6310,272
6311,273
6312,274
6313,275
6314,276
6315,277
6316,278
6317,279
6318,280
6319,281
6320,282
6321,283
6322,284
6323,285
6324,286
6325,287
6326,288
6327,289
6328,290
6329,291
6330,292
6331,293
6332,294
6333,295
6334,296
6335,297
6336,298
6337,299
6338,300
6339,301
6340,302
6341,303
6342,304
6343,305
6344,306
6345,307
6346,308
6347,309
6348,310
6349,311
6350,312
6351,313
6352,314
6353,315
6354,316
6355,317
6356,318
6357,319
6358,320
6359,321
6360,322
6361,324
6362,325
6363,326
6364,327
6365,328
6366,329
6367,330
6368,331
6369,332
6370,333
6371,334
6372,335
6373,336
6374,337
6375,338
6376,339
6377,340
6378,341
6379,342
6380,343
6381,344
6382,345
6383,346
6384,347
6385,348
6386,349
6387,350
6388,351
6389,352
6390,353
6391,354
6392,355
6393,356
6394,357
6395,358
6396,359
6397,360
6398,361
6399,362
6400,363
6401,364
6402,365
6403,366
6404,367
6405,368
6406,369
6407,370
6408,371
6409,372
6410,373
6411,374
6412,375
6413,376
6414,377
6415,378
6416,379
6417,380
6418,381
6419,382
6420,383
6421,384
6422,385
6423,386
6424,387
6425,388
6426,389
6427,390
6428,391
6429,392
6430,393
6431,394
6432,395
6433,396
6434,397
6435,398
6436,399
6437,400
6438,401
6439,402
6440,403
6441,404
6442,405
6443,406
6444,407
6445,408
6446,409
6447,410
6448,411
6449,412
6450,413
6451,414
6452,415
6453,416
6454,417
6455,418
6456,419
6457,420
6458,421
6459,422
6460,423
6461,424
6462,425
6463,426
6464,427
6465,428
6466,429
6467,430
6468,431
6469,432
6470,433
6471,434
6472,435
6473,436
6474,437
6475,438
6476,439
6477,440
6478,441
6479,442
6480,443
6481,444
6482,445
6483,446
6484,447
6485,448
6486,449
6487,450
6488,451
6489,452
6490,453
6491,454
6492,455
6493,456
6494,457
6495,458
6496,459
6497,460
6498,461
6499,462
6500,463
6501,464
6502,465
6503,466
6504,467
6505,468
6506,469
6507,470
6508,471
6509,472
6510,473
6511,474
6512,475
6513,476
6514,477
6515,478
6516,479
6517,480
6518,481
6519,482
6520,483
6521,484
6522,485
6523,486
6524,487
6525,488
6526,489
6527,490
6528,491
6529,492
6530,493
6531,494
6532,495
6533,496
6534,497
6535,498
6536,499
6537,500
6538,501
6539,502
6540,503
6541,504
6542,505
6543,506
6544,507
6545,508
6546,509
6547,510
6548,511
6549,512
6550,513
6551,514
6552,515
6553,516
6554,517
6555,518
6556,519
6557,520
6558,521
6559,522
6560,523
6561,524
6562,525
6563,526
6564,527
6565,528
6566,529
6567,530
6568,531
6569,532
6570,533
6571,534
6572,535
6573,536
6574,537
6575,538
6576,539
6577,540
6578,541
6579,542
6580,543
6581,544
6582,545
6583,546
6584,547
6585,548
6586,549
6587,550
6588,551
6589,552
6590,553
6591,554
6592,555
6593,556
6594,557
6595,558
6596,559
6597,560
6598,561
6599,562
6600,563
6601,564
6602,565
6603,566
6604,567
6605,568
6606,569
6607,570
6608,571
6609,572
6610,573
6611,574
6612,575
6613,576
6614,577
6615,578
6616,579
6617,580
6618,581
6619,582
6620,583
6621,584
6622,585
6623,586
6624,587
6625,588
6626,589
6627,590
6628,591
6629,592
6630,593
6631,594
6632,595
6633,596
6634,597
6635,598
6636,599
6637,600
6638,601
6639,602
6640,603
6641,604
6642,605
6643,606
6644,607
6645,608
6646,609
6647,610
6648,611
6649,612
6650,613
6651,614
6652,615
6653,616
6654,617
6655,618
6656,619
6657,620
6658,621
6659,623
6660,624
6661,625
6662,626
6663,627
6664,628
6665,629
6666,630
6667,631
6668,632
6669,633
6670,634
6671,635
6672,636
6673,637
6674,638
6675,639
6676,640
6677,641
6678,642
6679,643
6680,644
6681,645
6682,647
6683,648
6684,649
6685,650
6686,651
6687,652
6688,653
6689,654
6690,655
6691,656
6692,657
6693,658
6694,659
6695,660
6696,661
6697,662
6698,663
6699,664
6700,665
6701,666
6702,667
6703,668
6704,669
6705,670
6706,671
6707,672
6708,673
6709,674
6710,675
6711,676
6712,678
6713,679
6714,680
6715,681
6716,682
6717,683
6718,684
6719,685
6720,687
6721,688
6722,690
6723,691
6724,692
6725,693
6726,694
6727,695
6728,696
6729,697
6730,698
6731,699
6732,700
6733,701
6734,702
6735,703
6736,704
6737,705
6738,706
6739,707
6740,708
6741,709
6742,710
6743,711
6744,712
6745,713
6746,714
6747,715
6748,716
6749,717
6750,718
6751,719
6752,720
6753,721
6754,722
6755,723
6756,724
6757,725
6758,726
6759,727
6760,728
6761,729
6762,730
6763,731
6764,732
6765,733
6766,734
6767,735
6768,736
6769,737
6770,738
6771,739
6772,741
6773,742
6774,743
6775,744
6776,745
6777,746
6778,747
6779,748
6780,749
6781,750
6782,751
6783,752
6784,753
6785,754
6786,755
6787,756
6788,757
6789,758
6790,759
6791,760
6792,761
6793,762
6794,763
6795,764
6796,765
6797,766
6798,767
6799,768
6800,769
6801,770
6802,771
6803,772
6804,773
6805,774
6806,775
6807,776
6808,777
6809,778
6810,779
6811,780
6812,781
6813,782
6814,783
6815,784
6816,785
6817,786
6818,787
6819,788
6820,789
6821,790
6822,791
6823,792
6824,793
6825,794
6826,795
6827,796
6828,797
6829,798
6830,799
6831,800
6832,801
6833,802
6834,803
6835,804
6836,805
6837,806
6838,807
6839,808
6840,809
6841,810
6842,811
6843,812
6844,813
6845,814
6846,815
6847,816
6848,818
6849,819
6850,820
6851,821
6852,822
6853,823
6854,824
6855,825
6856,826
6857,827
6858,828
6859,829
6860,830
6861,831
6862,832
6863,833
6864,834
6865,835
6866,836
6867,837
6868,838
6869,839
6870,840
6871,841
6872,842
6873,843
6874,844
6875,845
6876,846
6877,847
6878,848
6879,849
6880,850
6881,851
6882,852
6883,853
6884,854
6885,855
6886,856
6887,857
6888,858
6889,859
6890,860
6891,861
6892,862
6893,863
6894,864
6895,865
6896,866
6897,867
6898,868
6899,869
6900,870
6901,871
6902,872
6903,873
6904,874
6905,875
6906,876
6907,877
6908,878
6909,879
6910,880
6911,881
6912,882
6913,884
6914,885
6915,886
6916,887
6917,888
6918,889
6919,890
6920,891
6921,892
6922,893
6923,894
6924,895
6925,896
6926,897
6927,898
6928,899
6929,900
6930,901
6931,902
6932,903
6933,904
6934,905
6935,906
6936,907
6937,908
6938,909
6939,910
6940,911
6941,912
6942,913
6943,914
6944,915
6945,916
6946,917
6947,918
6948,919
6949,920
6950,921
6951,922
6952,923
6953,924
6954,925
6955,926
6956,927
6957,928
6958,929
6959,930
6960,931
6961,932
6962,933
6963,934
6964,935
6965,936
6966,937
6967,938
6968,939
6969,940
6970,941
6971,942
6972,943
6973,944
6974,945
6975,946
6976,947
6977,948
6978,949
6979,950
6980,951
6981,952
6982,953
6983,954
6984,955
6985,956
6986,957
6987,958
6988,959
6989,960
6990,961
6991,962
6992,963
6993,964
6994,965
6995,966
6996,967
6997,968
6998,969
6999,970
7000,971
7001,972
7002,973
7003,974
7004,975
7005,976
7006,977
7007,978
7008,979
7009,980
7010,981
7011,982
7012,983
7013,984
7014,985
7015,986
7016,987
7017,988
7018,989
7019,990
7020,991
7021,992
7022,993
7023,994
7024,996
7025,997
7026,998
7027,999
7028,1000
7029,1001
7030,1002
7031,1003
7032,1004
7033,1005
7034,1006
7035,1007
7036,1008
7037,1009
7038,1010
7039,1011
7040,1012
7041,1013
7042,1014
7043,1015
7044,1016
7045,1017
7046,1018
7047,1019
7048,1020
7049,1021
7050,1022
7051,1023
7052,1024
7053,1025
7054,1026
7055,1027
7056,1028
7057,1029
7058,1030
7059,1031
7060,1032
7061,1033
7062,1034
7063,1035
7064,1036
7065,1037
7066,1038
7067,1039
7068,1040
7069,1041
7070,1042
7071,1043
7072,1044
7073,1045
7074,1046
7075,1047
7076,1049
7077,1050
7078,1051
7079,1052
7080,1053
7081,1054
7082,1055
7083,1056
7084,1057
7085,1058
7086,1059
7087,1060
7088,1061
7089,1062
7090,1063
7091,1064
7092,1065
7093,1066
7094,1067
7095,1068
7096,1069
7097,1070
7098,1071
7099,1073
7100,1075
7101,1076
7102,1077
7103,1078
7104,1079
7105,1080
7106,1081
7107,1082
7108,1083
7109,1084
7110,1085
7111,1086
7112,1087
7113,1088
7114,1089
7115,1090
7116,1091
7117,1092
7118,1093
7119,1094
7120,1095
7121,1096
7122,1097
7123,1098
7124,1099
7125,1100
7126,1101
7127,1102
7128,1103
7129,1104
7130,1105
7131,1106
7132,1107
7133,1108
7134,1109
7135,1110
7136,1111
7137,1112
7138,1113
7139,1114
7140,1115
7141,1116
7142,1117
7143,1118
7144,1119
7145,1120
7146,1121
7147,1122
7148,1123
7149,1124
7150,1125
7151,1126
7152,1127
7153,1128
7154,1129
7155,1130
7156,1131
7157,1132
7158,1133
7159,1134
7160,1135
7161,1136
7162,1137
7163,1138
7164,1139
7165,1140
7166,1141
7167,1142
7168,1143
7169,1144
7170,1145
7171,1146
7172,1147
7173,1148
7174,1149
7175,1150
7176,1151
7177,1152
7178,1153
7179,1154
7180,1155
7181,1156
7182,1157
7183,1158
7184,1159
7185,1160
7186,1161
7187,1162
7188,1163
7189,1164
7190,1165
7191,1166
7192,1167
7193,1168
7194,1169
7195,1170
7196,1171
7197,1172
7198,1173
7199,1174
7200,1175
7201,1176
7202,1177
7203,1178
7204,1179
7205,1180
7206,1181
7207,1183
7208,1184
7209,1185
7210,1186
7211,1187
7212,1188
7213,1189
7214,1190
7215,1191
7216,1192
7217,1193
7218,1194
7219,1196
7220,1197
7221,1198
7222,1199
7223,1200
7224,1201
7225,1202
7226,1203
7227,1204
7228,1205
7229,1206
7230,1207
7231,1208
7232,1209
7233,1210
7234,1211
7235,1212
7236,1213
7237,1214
7238,1215
7239,1216
7240,1217
7241,1218
7242,1219
7243,1220
7244,1221
7245,1222
7246,1223
7247,1224
7248,1225
7249,1226
7250,1227
7251,1228
7252,1230
7253,1231
7254,1232
7255,1233
7256,1234
7257,1235
7258,1236
7259,1237
7260,1238
7261,1240
7262,1241
7263,1242
7264,1243
7265,1244
7266,1245
7267,1246
7268,1247
7269,1248
7270,1249
7271,1250
7272,1251
7273,1252
7274,1253
7275,1254
7276,1255
7277,1256
7278,1257
7279,1258
7280,1259
7281,1260
7282,1261
7283,1262
7284,1263
7285,1264
7286,1265
7287,1266
7288,1267
7289,1268
7290,1269
7291,1270
7292,1271
7293,1272
7294,1273
7295,1274
7296,1275
7297,1276
7298,1277
7299,1278
7300,1279
7301,1280
7302,1281
7303,1282
7304,1283
7305,1284
7306,1285
7307,1286
7308,1287
7309,1288
7310,1289
7311,1290
7312,1291
7313,1292
7314,1293
7315,1294
7316,1295
7317,1296
7318,1297
7319,1298
7320,1299
7321,1300
7322,1301
7323,1302
7324,1303
7325,1304
7326,1305
7327,1306
7328,1307
7329,1308
7330,1309
7331,1310
7332,1311
7333,1312
7334,1313
7335,1314
7336,1315
7337,1316
7338,1317
7339,1318
7340,1319
7341,1320
7342,1321
7343,1322
7344,1323
7345,1324
7346,1325
7347,1326
7348,1327
7349,1328
7350,1329
7351,1330
7352,1331
7353,1332
7354,1333
7355,1334
7356,1335
7357,1336
7358,1337
7359,1339
7360,1340
7361,1341
7362,1342
7363,1343
7364,1344
7365,1345
7366,1346
7367,1347
7368,1348
7369,1349
7370,1350
7371,1351
7372,1352
7373,1353
7374,1354
7375,1355
7376,1356
7377,1357
7378,1358
7379,1359
7380,1360
7381,1361
7382,1362
7383,1363
7384,1364
7385,1365
7386,1366
7387,1367
7388,1368
7389,1369
7390,1370
7391,1371
7392,1372
7393,1373
7394,1374
7395,1375
7396,1376
7397,1377
7398,1378
7399,1379
7400,1380
7401,1381
7402,1382
7403,1383
7404,1384
7405,1385
7406,1386
7407,1387
7408,1388
7409,1389
7410,1390
7411,1391
7412,1392
7413,1393
7414,1394
7415,1395
7416,1396
7417,1397
7418,1398
7419,1399
7420,1400
7421,1401
7422,1404
7423,1405
7424,1406
7425,1407
7426,1408
7427,1409
7428,1410
7429,1411
7430,1412
7431,1413
7432,1414
7433,1415
7434,1416
7435,1417
7436,1419
7437,1420
7438,1421
7439,1422
7440,1423
7441,1424
7442,1425
7443,1426
7444,1427
7445,1428
7446,1429
7447,1430
7448,1431
7449,1432
7450,1433
7451,1434
7452,1436
7453,1437
7454,1438
7455,1439
7456,1440
7457,1441
7458,1442
7459,1443
7460,1444
7461,1445
7462,1446
7463,1447
7464,1448
7465,1449
7466,1450
7467,1453
7468,1454
7469,1455
7470,1456
7471,1457
7472,1458
7473,1459
7474,1460
7475,1461
7476,1462
7477,1463
7478,1464
7479,1465
7480,1466
7481,1467
7482,1468
7483,1470
7484,1471
7485,1472
7486,1473
7487,1474
7488,1475
7489,1476
7490,1477
7491,1479
7492,1480
7493,1482
7494,1483
7495,1484
7496,1485
7497,1486
7498,1487
7499,1488
7500,1489
7501,1490
7502,1493
7503,1494
7504,1495
7505,1496
7506,1497
7507,1498
7508,1499
7509,1500
7510,1501
7511,1502
7512,1503
7513,1504
7514,1507
7515,1508
7516,1509
7517,1510
7518,1511
7519,1513
7520,1514
7521,1515
7522,1516
7523,1517
7524,1518
7525,1519
7526,1520
7527,1522
7528,1523
7529,1524
7530,1525
7531,1526
7532,1527
7533,1528
7534,1529
7535,1531
7536,1532
7537,1533
7538,1534
7539,1535
7540,1537
7541,1538
7542,1539
7543,1541
7544,1542
7545,1543
7546,1544
7547,1545
7548,1546
7549,1547
7550,1548
7551,1549
7552,1550
7553,1551
7554,1552
7555,1553
7556,1554
7557,1555
7558,1556
7559,1557
7560,1558
7561,1559
7562,1561
7563,1562
7564,1563
7565,1564
7566,1565
7567,1566
7568,1567
7569,1568
7570,1569
7571,1570
7572,1571
7573,1572
7574,1573
7575,1574
7576,1575
7577,1577
7578,1578
7579,1579
7580,1580
7581,1581
7582,1582
7583,1583
7584,1584
7585,1585
7586,1586
7587,1587
7588,1588
7589,1589
7590,1590
7591,1591
7592,1592
7593,1593
7594,1594
7595,1595
7596,1596
7597,1597
7598,1598
7599,1599
7600,1600
7601,1601
7602,1602
7603,1603
7604,1604
7605,1605
7606,1606
7607,1608
7608,1609
7609,1610
7610,1611
7611,1612
7612,1613
7613,1614
7614,1615
7615,1616
7616,1617
7617,1619
7618,1620
7619,1621
7620,1622
7621,1623
7622,1624
7623,1625
7624,1626
7625,1627
7626,1628
7627,1629
7628,1630
7629,1631
7630,1632
7631,1633
7632,1635
7633,1636
7634,1639
7635,1640
7636,1641
7637,1642
7638,1643
7639,1644
7640,1645
7641,1646
7642,1647
7643,1648
7644,1649
7645,1650
7646,1651
7647,1652
7648,1653
7649,1654
7650,1655
7651,1656
7652,1657
7653,1658
7654,1659
7655,1660
7656,1661
7657,1662
7658,1663
7659,1664
7660,1665
7661,1666
7662,1667
7663,1668
7664,1669
7665,1670
7666,1671
7667,1672
7668,1673
7669,1674
7670,1675
7671,1676
7672,1677
7673,1678
7674,1679
7675,1680
7676,1681
7677,1682
7678,1683
7679,1684
7680,1685
7681,1686
7682,1687
7683,1688
7684,1689
7685,1690
7686,1692
7687,1693
7688,1694
7689,1695
7690,1696
7691,1697
7692,1698
7693,1699
7694,1701
7695,1702
7696,1703
7697,1704
7698,1705
7699,1706
7700,1707
7701,1708
7702,1709
7703,1710
7704,1711
7705,1713
7706,1714
7707,1715
7708,1716
7709,1717
7710,1718
7711,1719
7712,1720
7713,1721
7714,1722
7715,1723
7716,1724
7717,1725
7718,1726
7719,1727
7720,1728
7721,1729
7722,1730
7723,1731
7724,1732
7725,1733
7726,1734
7727,1735
7728,1738
7729,1739
7730,1740
7731,1741
7732,1742
7733,1743
7734,1744
7735,1746
7736,1747
7737,1748
7738,1749
7739,1750
7740,1752
7741,1753
7742,1754
7743,1755
7744,1756
7745,1757
7746,1758
7747,1759
7748,1760
7749,1762
7750,1764
7751,1765
7752,1767
7753,1768
7754,1769
7755,1770
7756,1771
7757,1772
7758,1773
7759,1774
7760,1776
7761,1777
7762,1779
7763,1780
7764,1781
7765,1782
7766,1783
7767,1784
7768,1785
7769,1787
7770,1788
7771,1789
7772,1791
7773,1792
7774,1793
7775,1794
7776,1795
7777,1796
7778,1797
7779,1798
7780,1799
7781,1801
7782,1804
7783,1805
7784,1806
7785,1807
7786,1809
7787,1810
7788,1811
7789,1812
7790,1814
7791,1815
7792,1816
7793,1817
7794,1819
7795,1820
7796,1821
7797,1822
7798,1824
7799,1825
7800,1826
7801,1827
7802,1829
7803,1830
7804,1831
7805,1832
7806,1833
7807,1834
7808,1835
7809,1836
7810,1837
7811,1839
7812,1840
7813,1841
7814,1842
7815,1843
7816,1844
7817,1845
7818,1846
7819,1847
7820,1848
7821,1849
7822,1850
7823,1851
7824,1852
7825,1853
7826,1854
7827,1855
7828,1856
7829,1857
7830,1858
7831,1859
7832,1860
7833,1861
7834,1862
7835,1863
7836,1864
7837,1865
7838,1866
7839,1867
7840,1868
7841,1869
7842,1870
7843,1871
7844,1872
7845,1873
7846,1874
7847,1875
7848,1876
7849,1877
7850,1878
7851,1879
7852,1880
7853,1881
7854,1882
7855,1883
7856,1884
7857,1885
7858,1886
7859,1887
7860,1888
7861,1889
7862,1890
7863,1891
7864,1892
7865,1893
7866,1894
7867,1895
7868,1896
7869,1897
7870,1898
7871,1899
7872,1900
7873,1901
7874,1902
7875,1903
7876,1904
7877,1905
7878,1906
7879,1907
7880,1908
7881,1909
7882,1910
7883,1911
7884,1912
7885,1913
7886,1914
7887,1915
7888,1916
7889,1917
7890,1918
7891,1919
7892,1920
7893,1921
7894,1922
7895,1923
7896,1924
7897,1925
7898,1926
7899,1927
7900,1928
7901,1929
7902,1930
7903,1931
7904,1932
7905,1933
7906,1934
7907,1935
7908,1936
7909,1937
7910,1938
7911,1939
7912,1940
7913,1941
7914,1942
7915,1943
7916,1944
7917,1945
7918,1946
7919,1947
7920,1948
7921,1949
7922,1950
7923,1951
7924,1952
7925,1953
7926,1954
7927,1955
7928,1956
7929,1957
7930,1958
7931,1959
7932,1960
7933,1961
7934,1962
7935,1963
7936,1964
7937,1965
7938,1966
7939,1967
7940,1968
7941,1969
7942,1970
7943,1971
7944,1972
7945,1973
7946,1974
7947,1975
7948,1976
7949,1977
7950,1978
7951,1979
7952,1980
7953,1981
7954,1982
7955,1983
7956,1984
7957,1985
7958,1986
7959,1987
7960,1988
7961,1989
7962,1990
7963,1991
7964,1992
7965,1993
7966,1994
7967,1995
7968,1996
7969,1997
7970,1998
7971,1999
7972,2000
7973,2001
7974,2002
7975,2003
7976,2004
7977,2005
7978,2006
7979,2007
7980,2008
7981,2009
7982,2010
7983,2011
7984,2012
7985,2013
7986,2014
7987,2015
7988,2016
7989,2017
7990,2018
7991,2019
7992,2020
7993,2021
7994,2022
7995,2023
7996,2024
7997,2025
7998,2026
7999,2027
8000,2028
8001,2029
8002,2030
8003,2031
8004,2032
8005,2033
8006,2034
8007,2035
8008,2036
8009,2037
8010,2038
8011,2039
8012,2040
8013,2041
8014,2042
8015,2043
8016,2044
8017,2045
8018,2046
8019,2047
8020,2048
8021,2049
8022,2050
8023,2051
8024,2052
8025,2053
8026,2054
8027,2055
8028,2056
8029,2057
8030,2058
8031,2059
8032,2060
8033,2061
8034,2062
8035,2063
8036,2064
8037,2065
8038,2066
8039,2067
8040,2068
8041,2069
8042,2070
8043,2071
8044,2072
8045,2073
8046,2074
8047,2075
8048,2076
8049,2077
8050,2078
8051,2079
8052,2080
8053,2081
8054,2082
8055,2083
8056,2084
8057,2085
8058,2086
8059,2087
8060,2088
8061,2089
8062,2090
8063,2091
8064,2092
8065,2093
8066,2094
8067,2095
8068,2096
8069,2097
8070,2098
8071,2099
8072,2100
8073,2101
8074,2102
8075,2103
8076,2104
8077,2105
8078,2106
8079,2107
8080,2108
8081,2109
8082,2110
8083,2111
8084,2112
8085,2113
8086,2114
8087,2115
8088,2116
8089,2117
8090,2118
8091,2119
8092,2120
8093,2121
8094,2122
8095,2123
8096,2124
8097,2125
8098,2126
8099,2127
8100,2128
8101,2129
8102,2130
8103,2131
8104,2132
8105,2133
8106,2134
8107,2135
8108,2136
8109,2137
8110,2138
8111,2139
8112,2140
8113,2141
8114,2142
8115,2143
8116,2144
8117,2145
8118,2146
8119,2147
8120,2148
8121,2149
8122,2150
8123,2151
8124,2152
8125,2153
8126,2154
8127,2155
8128,2156
8129,2157
8130,2158
8131,2159
8132,2160
8133,2161
8134,2162
8135,2163
8136,2164
8137,2165
8138,2166
8139,2167
8140,2168
8141,2169
8142,2170
8143,2171
8144,2172
8145,2173
8146,2174
8147,2175
8148,2176
8149,2177
8150,2178
8151,2179
8152,2180
8153,2181
8154,2182
8155,2183
8156,2184
8157,2185
8158,2186
8159,2187
8160,2188
8161,2189
8162,2190
8163,2191
8164,2192
8165,2193
8166,2194
8167,2195
8168,2196
8169,2197
8170,2198
8171,2199
8172,2200
8173,2201
8174,2202
8175,2203
8176,2204
8177,2205
8178,2206
8179,2207
8180,2208
8181,2209
8182,2210
8183,2211
8184,2212
8185,2213
8186,2214
8187,2215
8188,2216
8189,2217
8190,2218
8191,2219
8192,2220
8193,2221
8194,2222
8195,2223
8196,2224
8197,2225
8198,2226
8199,2227
8200,2228
8201,2229
8202,2230
8203,2231
8204,2232
8205,2233
8206,2234
8207,2235
8208,2236
8209,2237
8210,2238
8211,2239
8212,2240
8213,2241
8214,2242
8215,2243
8216,2244
8217,2245
8218,2246
8219,2247
8220,2248
8221,2249
8222,2250
8223,2251
8224,2252
8225,2253
8226,2254
8227,2255
8228,2256
8229,2257
8230,2258
8231,2259
8232,2260
8233,2261
8234,2262
8235,2263
8236,2264
8237,2265
8238,2266
8239,2267
8240,2268
8241,2269
8242,2270
8243,2271
8244,2272
8245,2273
8246,2274
8247,2275
8248,2276
8249,2277
8250,2278
8251,2279
8252,2280
8253,2281
8254,2282
8255,2283
8256,2284
8257,2285
8258,2286
8259,2287
8260,2288
8261,2289
8262,2290
8263,2291
8264,2292
8265,2293
8266,2294
8267,2295
8268,2296
8269,2297
8270,2298
8271,2299
8272,2300
8273,2301
8274,2302
8275,2303
8276,2304
8277,2305
8278,2306
8279,2307
8280,2308
8281,2309
8282,2310
8283,2311
8284,2312
8285,2313
8286,2314
8287,2315
8288,2316
8289,2317
8290,2318
8291,2319
8292,2320
8293,2321
8294,2322
8295,2323
8296,2324
8297,2325
8298,2326
8299,2327
8300,2328
8301,2329
8302,2330
8303,2331
8304,2332
8305,2333
8306,2334
8307,2335
8308,2336
8309,2337
8310,2338
8311,2339
8312,2340
8313,2341
8314,2342
8315,2343
8316,2344
8317,2345
8318,2346
8319,2347
8320,2348
8321,2349
8322,2350
8323,2351
8324,2352
8325,2353
8326,2354
8327,2355
8328,2356
8329,2357
8330,2358
8331,2359
8332,2360
8333,2361
8334,2362
8335,2363
8336,2364
8337,2365
8338,2366
8339,2367
8340,2368
8341,2369
8342,2370
8343,2371
8344,2372
8345,2373
8346,2374
8347,2375
8348,2376
8349,2377
8350,2378
8351,2379
8352,2380
8353,2381
8354,2382
8355,2383
8356,2384
8357,2385
8358,2386
8359,2387
8360,2388
8361,2389
8362,2390
8363,2391
8364,2392
8365,2393
8366,2394
8367,2395
8368,2396
8369,2397
8370,2398
8371,2399
8372,2400
8373,2401
8374,2402
8375,2403
8376,2404
8377,2405
8378,2406
8379,2407
8380,2408
8381,2409
8382,2410
8383,2411
8384,2412
8385,2413
8386,2414
8387,2415
8388,2416
8389,2417
8390,2418
8391,2419
8392,2420
8393,2421
8394,2422
8395,2423
8396,2424
8397,2425
8398,2426
8399,2427
8400,2428
8401,2429
8402,2430
8403,2431
8404,2432
8405,2433
8406,2434
8407,2435
8408,2436
8409,2437
8410,2438
8411,2439
8412,2440
8413,2441
8414,2442
8415,2443
8416,2444
8417,2445
8418,2446
8419,2447
8420,2448
8421,2449
8422,2450
8423,2451
8424,2452
8425,2453
8426,2454
8427,2455
8428,2456
8429,2457
8430,2458
8431,2459
8432,2460
8433,2461
8434,2462
8435,2463
8436,2464
8437,2465
8438,2466
8439,2467
8440,2468
8441,2469
8442,2470
8443,2471
8444,2472
8445,2473
8446,2474
8447,2475
8448,2476
8449,2477
8450,2478
8451,2479
8452,2480
8453,2481
8454,2482
8455,2483
8456,2484
8457,2485
8458,2486
8459,2487
8460,2488
8461,2489
8462,2490
8463,2491
8464,2492
8465,2493
8466,2494
8467,2495
8468,2496
8469,2497
8470,2498
8471,2499
8472,2500
8473,2501
8474,2502
8475,2503
8476,2504
8477,2505
8478,2506
8479,2507
8480,2508
8481,2509
8482,2510
8483,2511
8484,2512
8485,2513
8486,2514
8487,2515
8488,2516
8489,2517
8490,2518
8491,2519
8492,2520
8493,2521
8494,2522
8495,2523
8496,2524
8497,2525
8498,2526
8499,2527
8500,2528
8501,2529
8502,2530
8503,2531
8504,2532
8505,2533
8506,2534
8507,2535
8508,2536
8509,2537
8510,2538
8511,2539
8512,2540
8513,2541
8514,2542
8515,2543
8516,2544
8517,2545
8518,2546
8519,2547
8520,2548
8521,2549
8522,2550
8523,2551
8524,2552
8525,2553
8526,2554
8527,2555
8528,2556
8529,2557
8530,2558
8531,2559
8532,2560
8533,2561
8534,2562
8535,2563
8536,2564
8537,2565
8538,2566
8539,2567
8540,2568
8541,2569
8542,2570
8543,2571
8544,2572
8545,2573
8546,2574
8547,2575
8548,2576
8549,2577
8550,2578
8551,2579
8552,2580
8553,2581
8554,2582
8555,2583
8556,2584
8557,2585
8558,2586
8559,2587
8560,2588
8561,2589
8562,2590
8563,2591
8564,2592
8565,2593
8566,2594
8567,2595
8568,2596
8569,2597
8570,2598
8571,2599
8572,2600
8573,2601
8574,2602
8575,2603
8576,2604
8577,2605
8578,2606
8579,2607
8580,2608
8581,2609
8582,2610
8583,2611
8584,2612
8585,2613
8586,2614
8587,2615
8588,2616
8589,2617
8590,2618
8591,2619
8592,2620
8593,2621
8594,2622
8595,2623
8596,2624
8597,2625
8598,2626
8599,2627
8600,2628
8601,2629
8602,2630
8603,2631
8604,2632
8605,2633
8606,2634
8607,2635
8608,2636
8609,2637
8610,2638
8611,2639
8612,2640
8613,2641
8614,2642
8615,2643
8616,2644
8617,2645
8618,2646
8619,2647
8620,2648
8621,2649
8622,2650
8623,2651
8624,2652
8625,2653
8626,2654
8627,2655
8628,2656
8629,2657
8630,2658
8631,2659
8632,2660
8633,2661
8634,2662
8635,2663
8636,2664
8637,2665
8638,2666
8639,2667
8640,2668
8641,2669
8642,2670
8643,2671
8644,2672
8645,2673
8646,2674
8647,2675
8648,2676
8649,2677
8650,2678
8651,2679
8652,2680
8653,2681
8654,2682
8655,2683
8656,2684
8657,2685
8658,2686
8659,2687
8660,2688
8661,2689
8662,2690
8663,2691
8664,2692
8665,2693
8666,2694
8667,2695
8668,2696
8669,2697
8670,2698
8671,2699
8672,2700
8673,2701
8674,2702
8675,2703
8676,2704
8677,2705
8678,2706
8679,2707
8680,2708
8681,2709
8682,2710
8683,2711
8684,2712
8685,2713
8686,2714
8687,2715
8688,2716
8689,2717
8690,2718
8691,2719
8692,2720
8693,2721
8694,2722
8695,2723
8696,2724
8697,2725
8698,2726
8699,2727
8700,2728
8701,2729
8702,2730
8703,2731
8704,2732
8705,2733
8706,2734
8707,2735
8708,2736
8709,2737
8710,2738
8711,2739
8712,2740
8713,2741
8714,2742
8715,2743
8716,2744
8717,2745
8718,2746
8719,2747
8720,2748
8721,2749
8722,2750
8723,2751
8724,2752
8725,2753
8726,2754
8727,2755
8728,2756
8729,2757
8730,2758
8731,2759
8732,2760
8733,2761
8734,2762
8735,2763
8736,2764
8737,2765
8738,2766
8739,2767
8740,2768
8741,2769
8742,2770
8743,2771
8744,2772
8745,2773
8746,2774
8747,2775
8748,2776
8749,2777
8750,2778
8751,2779
8752,2780
8753,2781
8754,2782
8755,2783
8756,2784
8757,2785
8758,2786
8759,2787
8760,2788
8761,2789
8762,2790
8763,2791
8764,2792
8765,2793
8766,2794
8767,2795
8768,2796
8769,2797
8770,2798
8771,2799
8772,2800
8773,2801
8774,2802
8775,2803
8776,2804
8777,2805
8778,2806
8779,2807
8780,2808
8781,2809
8782,2810
8783,2811
8784,2812
8785,2813
8786,2814
8787,2815
8788,2816
8789,2817
8790,2818
8791,2819
8792,2820
8793,2821
8794,2822
8795,2823
8796,2824
8797,2825
8798,2826
8799,2827
8800,2828
8801,2829
8802,2830
8803,2831
8804,2832
8805,2833
8806,2834
8807,2835
8808,2836
8809,2837
8810,2838
8811,2839
8812,2840
8813,2841
8814,2842
8815,2843
8816,2844
8817,2845
8818,2846
8819,2847
8820,2848
8821,2849
8822,2850
8823,2851
8824,2852
8825,2853
8826,2854
8827,2855
8828,2856
8829,2857
8830,2858
8831,2859
8832,2860
8833,2861
8834,2862
8835,2863
8836,2864
8837,2865
8838,2866
8839,2867
8840,2868
8841,2869
8842,2870
8843,2871
8844,2872
8845,2873
8846,2874
8847,2875
8848,2876
8849,2877
8850,2878
8851,2879
8852,2880
8853,2881
8854,2882
8855,2883
8856,2884
8857,2885
8858,2886
8859,2887
8860,2888
8861,2889
8862,2890
8863,2891
8864,2892
8865,2893
8866,2894
8867,2895
8868,2896
8869,2897
8870,2898
8871,2899
8872,2900
8873,2901
8874,2902
8875,2903
8876,2904
8877,2905
8878,2906
8879,2907
8880,2908
8881,2909
8882,2910
8883,2911
8884,2912
8885,2913
8886,2914
8887,2915
8888,2916
8889,2917
8890,2918
8891,2919
8892,2920
8893,2921
8894,2922
8895,2923
8896,2924
8897,2925
8898,2926
8899,2927
8900,2928
8901,2929
8902,2930
8903,2931
8904,2932
8905,2933
8906,2934
8907,2935
8908,2936
8909,2937
8910,2938
8911,2939
8912,2940
8913,2941
8914,2942
8915,2943
8916,2944
8917,2945
8918,2946
8919,2947
8920,2948
8921,2949
8922,2950
8923,2951
8924,2952
8925,2953
8926,2954
8927,2955
8928,2956
8929,2957
8930,2958
8931,2959
8932,2960
8933,2961
8934,2962
8935,2963
8936,2964
8937,2965
8938,2966
8939,2967
8940,2968
8941,2969
8942,2970
8943,2971
8944,2972
8945,2973
8946,2974
8947,2975
8948,2976
8949,2977
8950,2978
8951,2979
8952,2980
8953,2981
8954,2982
8955,2983
8956,2984
8957,2985
8958,2986
8959,2987
8960,2988
8961,2989
8962,2990
8963,2991
8964,2992
8965,2993
8966,2994
8967,2995
8968,2996
8969,2997
8970,2998
8971,2999
8972,3000
8973,3001
8974,3002
8975,3003
8976,3004
8977,3005
8978,3006
8979,3007
8980,3008
8981,3009
8982,3010
8983,3011
8984,3012
8985,3013
8986,3014
8987,3015
8988,3016
8989,3017
8990,3018
8991,3019
8992,3020
8993,3021
8994,3022
8995,3023
8996,3024
8997,3025
8998,3026
8999,3027
9000,3028
9001,3029
9002,3030
9003,3031
9004,3032
9005,3033
9006,3034
9007,3035
9008,3036
9009,3037
9010,3038
9011,3039
9012,3040
9013,3041
9014,3042
9015,3043
9016,3044
9017,3045
9018,3046
9019,3047
9020,3048
9021,3049
9022,3050
9023,3051
9024,3052
9025,3053
9026,3054
9027,3055
9028,3056
9029,3057
9030,3058
9031,3059
9032,3060
9033,3061
9034,3062
9035,3063
9036,3064
9037,3065
9038,3066
9039,3067
9040,3068
9041,3069
9042,3070
9043,3071
9044,3072
9045,3073
9046,3074
9047,3075
9048,3076
9049,3077
9050,3078
9051,3079
9052,3080
9053,3081
9054,3082
9055,3083
9056,3084
9057,3085
9058,3086
9059,3087
9060,3088
9061,3089
9062,3090
9063,3091
9064,3092
9065,3093
9066,3094
9067,3095
9068,3096
9069,3097
9070,3098
9071,3099
9072,3100
9073,3101
9074,3102
9075,3103
9076,3104
9077,3105
9078,3106
9079,3107
9080,3108
9081,3109
9082,3110
9083,3111
9084,3112
9085,3113
9086,3114
9087,3115
9088,3116
9089,3117
9090,3118
9091,3119
9092,3120
9093,3121
9094,3122
9095,3123
9096,3124
9097,3125
9098,3126
9099,3127
9100,3128
9101,3129
9102,3130
9103,3131
9104,3132
9105,3133
9106,3134
9107,3135
9108,3136
9109,3137
9110,3138
9111,3139
9112,3140
9113,3141
9114,3142
9115,3143
9116,3144
9117,3145
9118,3146
9119,3147
9120,3148
9121,3149
9122,3150
9123,3151
9124,3152
9125,3153
9126,3154
9127,3155
9128,3156
9129,3157
9130,3158
9131,3159
9132,3160
9133,3161
9134,3162
9135,3163
9136,3164
9137,3165
9138,3166
9139,3167
9140,3168
9141,3169
9142,3170
9143,3171
9144,3172
9145,3173
9146,3174
9147,3175
9148,3176
9149,3177
9150,3178
9151,3179
9152,3180
9153,3181
9154,3182
9155,3183
9156,3184
9157,3185
9158,3186
9159,3187
9160,3188
9161,3189
9162,3190
9163,3191
9164,3192
9165,3193
9166,3194
9167,3195
9168,3196
9169,3197
9170,3198
9171,3199
9172,3200
9173,3201
9174,3202
9175,3203
9176,3204
9177,3205
9178,3206
9179,3207
9180,3208
9181,3209
9182,3210
9183,3211
9184,3212
9185,3213
9186,3214
9187,3215
9188,3216
9189,3217
9190,3218
9191,3219
9192,3220
9193,3221
9194,3222
9195,3223
9196,3224
9197,3225
9198,3226
9199,3227
9200,3228
9201,3229
9202,3230
9203,3231
9204,3232
9205,3233
9206,3234
9207,3235
9208,3236
9209,3237
9210,3238
9211,3239
9212,3240
9213,3241
9214,3242
9215,3243
9216,3244
9217,3245
9218,3246
9219,3247
9220,3248
9221,3249
9222,3250
9223,3251
9224,3252
9225,3253
9226,3254
9227,3255
9228,3256
9229,3257
9230,3258
9231,3259
9232,3260
9233,3261
9234,3262
9235,3263
9236,3264
9237,3265
9238,3266
9239,3267
9240,3268
9241,3269
9242,3270
9243,3271
9244,3272
9245,3273
9246,3274
9247,3275
9248,3276
9249,3277
9250,3278
9251,3279
9252,3280
9253,3281
9254,3282
9255,3283
9256,3284
9257,3285
9258,3286
9259,3287
9260,3288
9261,3289
9262,3290
9263,3291
9264,3292
9265,3293
9266,3294
9267,3295
9268,3296
9269,3297
9270,3298
9271,3299
9272,3300
9273,3301
9274,3302
9275,3303
9276,3304
9277,3305
9278,3306
9279,3307
9280,3308
9281,3309
9282,3310
9283,3311
9284,3312
9285,3313
9286,3314
9287,3315
9288,3316
9289,3317
9290,3318
9291,3319
9292,3320
9293,3321
9294,3322
9295,3323
9296,3324
9297,3325
9298,3326
9299,3327
9300,3328
9301,3329
9302,3330
9303,3331
9304,3332
9305,3333
9306,3334
9307,3335
9308,3336
9309,3337
9310,3338
9311,3339
9312,3340
9313,3341
9314,3342
9315,3343
9316,3344
9317,3345
9318,3346
9319,3347
9320,3348
9321,3349
9322,3350
9323,3351
9324,3352
9325,3353
9326,3354
9327,3355
9328,3356
9329,3357
9330,3358
9331,3359
9332,3360
9333,3361
9334,3362
9335,3363
9336,3364
9337,3365
9338,3366
9339,3367
9340,3368
9341,3369
9342,3370
9343,3371
9344,3372
9345,3373
9346,3374
9347,3375
9348,3376
9349,3377
9350,3378
9351,3379
9352,3380
9353,3381
9354,3382
9355,3383
9356,3384
9357,3385
9358,3386
9359,3387
9360,3388
9361,3389
9362,3390
9363,3391
9364,3392
9365,3393
9366,3394
9367,3395
9368,3396
9369,3397
9370,3398
9371,3399
9372,3400
9373,3401
9374,3402
9375,3403
9376,3404
9377,3405
9378,3406
9379,3407
9380,3408
9381,3409
9382,3410
9383,3411
9384,3412
9385,3413
9386,3414
9387,3415
9388,3416
9389,3417
9390,3418
9391,3419
9392,3420
9393,3421
9394,3422
9395,3423
9396,3424
9397,3425
9398,3426
9399,3427
9400,3428
9401,3429
9402,3430
9403,3431
9404,3432
9405,3433
9406,3434
9407,3435
9408,3436
9409,3437
9410,3438
9411,3439
9412,3440
9413,3441
9414,3442
9415,3443
9416,3444
9417,3445
9418,3446
9419,3447
9420,3448
9421,3449
9422,3450
9423,3451
9424,3452
9425,3453
9426,3454
9427,3455
9428,3456
9429,3457
9430,3458
9431,3459
9432,3460
9433,3461
9434,3462
9435,3463
9436,3464
9437,3465
9438,3466
9439,3467
9440,3468
9441,3469
9442,3470
9443,3471
9444,3472
9445,3473
9446,3474
9447,3475
9448,3476
9449,3477
9450,3478
9451,3479
9452,3480
9453,3481
9454,3482
9455,3483
9456,3484
9457,3485
9458,3486
9459,3487
9460,3488
9461,3489
9462,3490
9463,3491
9464,3492
9465,3493
9466,3494
9467,3495
9468,3496
9469,3497
9470,3498
9471,3499
9472,3500
9473,3501
9474,3502
9475,3503
9476,3504
9477,3505
9478,3506
9479,3507
9480,3508
9481,3509
9482,3510
9483,3511
9484,3512
9485,3513
9486,3514
9487,3515
9488,3516
9489,3517
9490,3518
9491,3519
9492,3520
9493,3521
9494,3522
9495,3523
9496,3524
9497,3525
9498,3526
9499,3527
9500,3528
9501,3529
9502,3530
9503,3531
9504,3532
9505,3533
9506,3534
9507,3535
9508,3536
9509,3537
9510,3538
9511,3539
9512,3540
9513,3541
9514,3542
9515,3543
9516,3544
9517,3545
9518,3546
9519,3547
9520,3548
9521,3549
9522,3550
9523,3551
9524,3552
9525,3553
9526,3554
9527,3555
9528,3556
9529,3557
9530,3558
9531,3559
9532,3560
9533,3561
9534,3562
9535,3563
9536,3564
9537,3565
9538,3566
9539,3567
9540,3568
9541,3569
9542,3570
9543,3571
9544,3572
9545,3573
9546,3574
9547,3575
9548,3576
9549,3577
9550,3578
9551,3579
9552,3580
9553,3581
9554,3582
9555,3583
9556,3584
9557,3585
9558,3586
9559,3587
9560,3588
9561,3589
9562,3590
9563,3591
9564,3592
9565,3593
9566,3594
9567,3595
9568,3596
9569,3597
9570,3598
9571,3599
9572,3600
9573,3601
9574,3602
9575,3603
9576,3604
9577,3605
9578,3606
9579,3607
9580,3608
9581,3609
9582,3610
9583,3611
9584,3612
9585,3613
9586,3614
9587,3615
9588,3616
9589,3617
9590,3618
9591,3619
9592,3620
9593,3621
9594,3622
9595,3623
9596,3624
9597,3625
9598,3626
9599,3627
9600,3628
9601,3629
9602,3630
9603,3631
9604,3632
9605,3633
9606,3634
9607,3635
9608,3636
9609,3637
9610,3638
9611,3639
9612,3640
9613,3641
9614,3642
9615,3643
9616,3644
9617,3645
9618,3646
9619,3647
9620,3648
9621,3649
9622,3650
9623,3651
9624,3652
9625,3653
9626,3654
9627,3655
9628,3656
9629,3657
9630,3658
9631,3659
9632,3660
9633,3661
9634,3662
9635,3663
9636,3664
9637,3665
9638,3666
9639,3667
9640,3668
9641,3669
9642,3670
9643,3671
9644,3672
9645,3673
9646,3674
9647,3675
9648,3676
9649,3677
9650,3678
9651,3679
9652,3680
9653,3681
9654,3682
9655,3683
9656,3684
9657,3685
9658,3686
9659,3687
9660,3688
9661,3689
9662,3690
9663,3691
9664,3692
9665,3693
9666,3694
9667,3695
9668,3696
9669,3697
9670,3698
9671,3699
9672,3700
9673,3701
9674,3702
9675,3703
9676,3704
9677,3705
9678,3706
9679,3707
9680,3708
9681,3709
9682,3710
9683,3711
9684,3712
9685,3713
9686,3714
9687,3715
9688,3716
9689,3717
9690,3718
9691,3719
9692,3720
9693,3721
9694,3722
9695,3723
9696,3724
9697,3725
9698,3726
9699,3727
9700,3728
9701,3729
9702,3730
9703,3731
9704,3732
9705,3733
9706,3734
9707,3735
9708,3736
9709,3737
9710,3738
9711,3739
9712,3740
9713,3741
9714,3742
9715,3743
9716,3744
9717,3745
9718,3746
9719,3747
9720,3748
9721,3749
9722,3750
9723,3751
9724,3752
9725,3753
9726,3754
9727,3755
9728,3756
9729,3757
9730,3758
9731,3759
9732,3760
9733,3761
9734,3762
9735,3763
9736,3764
9737,3765
9738,3766
9739,3767
9740,3768
9741,3769
9742,3770
9743,3771
9744,3772
9745,3773
9746,3774
9747,3775
9748,3776
9749,3777
9750,3778
9751,3779
9752,3780
9753,3781
9754,3782
9755,3783
9756,3784
9757,3785
9758,3786
9759,3787
9760,3788
9761,3789
9762,3790
9763,3791
9764,3792
9765,3793
9766,3794
9767,3795
9768,3796
9769,3797
9770,3798
9771,3799
9772,3800
9773,3801
9774,3802
9775,3803
9776,3804
9777,3805
9778,3806
9779,3807
9780,3808
9781,3809
9782,3810
9783,3811
9784,3812
9785,3813
9786,3814
9787,3816
9788,3817
9789,3818
9790,3819
9791,3820
9792,3821
9793,3822
9794,3823
9795,3824
9796,3825
9797,3826
9798,3827
9799,3828
9800,3829
9801,3830
9802,3831
9803,3832
9804,3833
9805,3834
9806,3835
9807,3836
9808,3837
9809,3838
9810,3839
9811,3840
9812,3841
9813,3842
9814,3843
9815,3844
9816,3845
9817,3846
9818,3847
9819,3848
9820,3849
9821,3850
9822,3851
9823,3852
9824,3853
9825,3854
9826,3855
9827,3856
9828,3857
9829,3858
9830,3859
9831,3860
9832,3861
9833,3862
9834,3863
9835,3864
9836,3865
9837,3866
9838,3867
9839,3868
9840,3869
9841,3870
9842,3871
9843,3872
9844,3873
9845,3874
9846,3875
9847,3876
9848,3877
9849,3878
9850,3879
9851,3880
9852,3881
9853,3882
9854,3883
9855,3884
9856,3885
9857,3886
9858,3887
9859,3888
9860,3889
9861,3890
9862,3891
9863,3892
9864,3893
9865,3894
9866,3895
9867,3896
9868,3897
9869,3898
9870,3899
9871,3900
9872,3901
9873,3902
9874,3903
9875,3904
9876,3905
9877,3906
9878,3907
9879,3908
9880,3909
9881,3910
9882,3911
9883,3912
9884,3913
9885,3914
9886,3915
9887,3916
9888,3917
9889,3918
9890,3919
9891,3920
9892,3921
9893,3922
9894,3923
9895,3924
9896,3925
9897,3926
9898,3927
9899,3928
9900,3929
9901,3930
9902,3931
9903,3932
9904,3933
9905,3934
9906,3935
9907,3936
9908,3937
9909,3938
9910,3939
9911,3940
9912,3941
9913,3942
9914,3943
9915,3944
9916,3945
9917,3946
9918,3947
9919,3948
9920,3949
9921,3950
9922,3951
9923,3952
